image_width: 346
image_height: 260
camera_name: DAVIS-00000254
camera_matrix:
  rows: 3
  cols: 3
  data: [248.164664, 0.000000, 180.656470, 0.000000, 247.767991, 128.095613, 0.000000, 0.000000, 1.000000]
distortion_model: plumb_bob
distortion_coefficients:
  rows: 1
  cols: 5
  data: [-0.358120, 0.115127, -0.000407, -0.000244, 0.000000]
rectification_matrix:
  rows: 3
  cols: 3
  data: [1.000000, 0.000000, 0.000000, 0.000000, 1.000000, 0.000000, 0.000000, 0.000000, 1.000000]
projection_matrix:
  rows: 3
  cols: 4
  data: [196.412277, 0.000000, 184.504709, 0.000000, 0.000000, 220.210480, 127.431908, 0.000000, 0.000000, 0.000000, 1.000000, 0.000000]
